IDN BROJ ZNAK NIZ_ZNAKOVA KR_BREAK KR_CHAR KR_CONST KR_CONTINUE KR_ELSE KR_FLOAT KR_FOR KR_IF KR_INT KR_RETURN KR_STRUCT KR_VOID KR_WHILE PLUS OP_INC MINUS OP_DEC ASTERISK OP_DIJELI OP_MOD OP_PRIDRUZI OP_LT OP_LTE OP_GT OP_GTE OP_EQ OP_NEQ OP_NEG OP_TILDA OP_I OP_ILI AMPERSAND OP_BIN_ILI OP_BIN_XILI ZAREZ TOCKAZAREZ TOCKA L_ZAGRADA D_ZAGRADA L_UGL_ZAGRADA D_UGL_ZAGRADA L_VIT_ZAGRADA D_VIT_ZAGRADA 
S_pocetno
0 $ 1 9 13 19 25 29 41 51 63 81 91 103 111 117 125 139 153 163 175 540 608 764 961 1158 1540 1928 1934 1940 1944 1948 1952 1956 1960 1964 1968 1974 1978 1984 1990 1996 2000 2004 2010 2016 2020 2024 2028 2032 2036 2040 2044 2048 2052 2056 2060 
1 $ 3 6 
2 
3 $ 4 
4 \t 5 
5 $ 2 
6 $ 7 
7 \_ 8 
8 $ 2 
9 $ 11 
10 
11 \n 12 
12 $ 10 
13 $ 15 
14 
15 / 16 
16 $ 17 
17 / 18 
18 $ 14 
19 $ 21 
20 
21 / 22 
22 $ 23 
23 \* 24 
24 $ 20 
25 $ 27 
26 
27 " 28 
28 $ 26 
29 $ 31 
30 
31 b 32 
32 $ 33 
33 r 34 
34 $ 35 
35 e 36 
36 $ 37 
37 a 38 
38 $ 39 
39 k 40 
40 $ 30 
41 $ 43 
42 
43 c 44 
44 $ 45 
45 h 46 
46 $ 47 
47 a 48 
48 $ 49 
49 r 50 
50 $ 42 
51 $ 53 
52 
53 c 54 
54 $ 55 
55 o 56 
56 $ 57 
57 n 58 
58 $ 59 
59 s 60 
60 $ 61 
61 t 62 
62 $ 52 
63 $ 65 
64 
65 c 66 
66 $ 67 
67 o 68 
68 $ 69 
69 n 70 
70 $ 71 
71 t 72 
72 $ 73 
73 i 74 
74 $ 75 
75 n 76 
76 $ 77 
77 u 78 
78 $ 79 
79 e 80 
80 $ 64 
81 $ 83 
82 
83 e 84 
84 $ 85 
85 l 86 
86 $ 87 
87 s 88 
88 $ 89 
89 e 90 
90 $ 82 
91 $ 93 
92 
93 f 94 
94 $ 95 
95 l 96 
96 $ 97 
97 o 98 
98 $ 99 
99 a 100 
100 $ 101 
101 t 102 
102 $ 92 
103 $ 105 
104 
105 f 106 
106 $ 107 
107 o 108 
108 $ 109 
109 r 110 
110 $ 104 
111 $ 113 
112 
113 i 114 
114 $ 115 
115 f 116 
116 $ 112 
117 $ 119 
118 
119 i 120 
120 $ 121 
121 n 122 
122 $ 123 
123 t 124 
124 $ 118 
125 $ 127 
126 
127 r 128 
128 $ 129 
129 e 130 
130 $ 131 
131 t 132 
132 $ 133 
133 u 134 
134 $ 135 
135 r 136 
136 $ 137 
137 n 138 
138 $ 126 
139 $ 141 
140 
141 s 142 
142 $ 143 
143 t 144 
144 $ 145 
145 r 146 
146 $ 147 
147 u 148 
148 $ 149 
149 c 150 
150 $ 151 
151 t 152 
152 $ 140 
153 $ 155 
154 
155 v 156 
156 $ 157 
157 o 158 
158 $ 159 
159 i 160 
160 $ 161 
161 d 162 
162 $ 154 
163 $ 165 
164 
165 w 166 
166 $ 167 
167 h 168 
168 $ 169 
169 i 170 
170 $ 171 
171 l 172 
172 $ 173 
173 e 174 
174 $ 164 
175 $ 177 
176 
177 $ 179 182 
178 $ 538 
179 $ 180 
180 _ 181 
181 $ 178 
182 $ 183 
183 $ 185 188 191 194 197 200 203 206 209 212 215 218 221 224 227 230 233 236 239 242 245 248 251 254 257 260 263 266 269 272 275 278 281 284 287 290 293 296 299 302 305 308 311 314 317 320 323 326 329 332 335 338 
184 $ 178 
185 $ 186 
186 a 187 
187 $ 184 
188 $ 189 
189 b 190 
190 $ 184 
191 $ 192 
192 c 193 
193 $ 184 
194 $ 195 
195 d 196 
196 $ 184 
197 $ 198 
198 e 199 
199 $ 184 
200 $ 201 
201 f 202 
202 $ 184 
203 $ 204 
204 g 205 
205 $ 184 
206 $ 207 
207 h 208 
208 $ 184 
209 $ 210 
210 i 211 
211 $ 184 
212 $ 213 
213 j 214 
214 $ 184 
215 $ 216 
216 k 217 
217 $ 184 
218 $ 219 
219 l 220 
220 $ 184 
221 $ 222 
222 m 223 
223 $ 184 
224 $ 225 
225 n 226 
226 $ 184 
227 $ 228 
228 o 229 
229 $ 184 
230 $ 231 
231 p 232 
232 $ 184 
233 $ 234 
234 q 235 
235 $ 184 
236 $ 237 
237 r 238 
238 $ 184 
239 $ 240 
240 s 241 
241 $ 184 
242 $ 243 
243 t 244 
244 $ 184 
245 $ 246 
246 u 247 
247 $ 184 
248 $ 249 
249 v 250 
250 $ 184 
251 $ 252 
252 w 253 
253 $ 184 
254 $ 255 
255 x 256 
256 $ 184 
257 $ 258 
258 y 259 
259 $ 184 
260 $ 261 
261 z 262 
262 $ 184 
263 $ 264 
264 A 265 
265 $ 184 
266 $ 267 
267 B 268 
268 $ 184 
269 $ 270 
270 C 271 
271 $ 184 
272 $ 273 
273 D 274 
274 $ 184 
275 $ 276 
276 E 277 
277 $ 184 
278 $ 279 
279 F 280 
280 $ 184 
281 $ 282 
282 G 283 
283 $ 184 
284 $ 285 
285 H 286 
286 $ 184 
287 $ 288 
288 I 289 
289 $ 184 
290 $ 291 
291 J 292 
292 $ 184 
293 $ 294 
294 K 295 
295 $ 184 
296 $ 297 
297 L 298 
298 $ 184 
299 $ 300 
300 M 301 
301 $ 184 
302 $ 303 
303 N 304 
304 $ 184 
305 $ 306 
306 O 307 
307 $ 184 
308 $ 309 
309 P 310 
310 $ 184 
311 $ 312 
312 Q 313 
313 $ 184 
314 $ 315 
315 R 316 
316 $ 184 
317 $ 318 
318 S 319 
319 $ 184 
320 $ 321 
321 T 322 
322 $ 184 
323 $ 324 
324 U 325 
325 $ 184 
326 $ 327 
327 V 328 
328 $ 184 
329 $ 330 
330 W 331 
331 $ 184 
332 $ 333 
333 X 334 
334 $ 184 
335 $ 336 
336 Y 337 
337 $ 184 
338 $ 339 
339 Z 340 
340 $ 184 
341 $ 343 346 505 
342 $ 539 341 
343 $ 344 
344 _ 345 
345 $ 342 
346 $ 347 
347 $ 349 352 355 358 361 364 367 370 373 376 379 382 385 388 391 394 397 400 403 406 409 412 415 418 421 424 427 430 433 436 439 442 445 448 451 454 457 460 463 466 469 472 475 478 481 484 487 490 493 496 499 502 
348 $ 342 
349 $ 350 
350 a 351 
351 $ 348 
352 $ 353 
353 b 354 
354 $ 348 
355 $ 356 
356 c 357 
357 $ 348 
358 $ 359 
359 d 360 
360 $ 348 
361 $ 362 
362 e 363 
363 $ 348 
364 $ 365 
365 f 366 
366 $ 348 
367 $ 368 
368 g 369 
369 $ 348 
370 $ 371 
371 h 372 
372 $ 348 
373 $ 374 
374 i 375 
375 $ 348 
376 $ 377 
377 j 378 
378 $ 348 
379 $ 380 
380 k 381 
381 $ 348 
382 $ 383 
383 l 384 
384 $ 348 
385 $ 386 
386 m 387 
387 $ 348 
388 $ 389 
389 n 390 
390 $ 348 
391 $ 392 
392 o 393 
393 $ 348 
394 $ 395 
395 p 396 
396 $ 348 
397 $ 398 
398 q 399 
399 $ 348 
400 $ 401 
401 r 402 
402 $ 348 
403 $ 404 
404 s 405 
405 $ 348 
406 $ 407 
407 t 408 
408 $ 348 
409 $ 410 
410 u 411 
411 $ 348 
412 $ 413 
413 v 414 
414 $ 348 
415 $ 416 
416 w 417 
417 $ 348 
418 $ 419 
419 x 420 
420 $ 348 
421 $ 422 
422 y 423 
423 $ 348 
424 $ 425 
425 z 426 
426 $ 348 
427 $ 428 
428 A 429 
429 $ 348 
430 $ 431 
431 B 432 
432 $ 348 
433 $ 434 
434 C 435 
435 $ 348 
436 $ 437 
437 D 438 
438 $ 348 
439 $ 440 
440 E 441 
441 $ 348 
442 $ 443 
443 F 444 
444 $ 348 
445 $ 446 
446 G 447 
447 $ 348 
448 $ 449 
449 H 450 
450 $ 348 
451 $ 452 
452 I 453 
453 $ 348 
454 $ 455 
455 J 456 
456 $ 348 
457 $ 458 
458 K 459 
459 $ 348 
460 $ 461 
461 L 462 
462 $ 348 
463 $ 464 
464 M 465 
465 $ 348 
466 $ 467 
467 N 468 
468 $ 348 
469 $ 470 
470 O 471 
471 $ 348 
472 $ 473 
473 P 474 
474 $ 348 
475 $ 476 
476 Q 477 
477 $ 348 
478 $ 479 
479 R 480 
480 $ 348 
481 $ 482 
482 S 483 
483 $ 348 
484 $ 485 
485 T 486 
486 $ 348 
487 $ 488 
488 U 489 
489 $ 348 
490 $ 491 
491 V 492 
492 $ 348 
493 $ 494 
494 W 495 
495 $ 348 
496 $ 497 
497 X 498 
498 $ 348 
499 $ 500 
500 Y 501 
501 $ 348 
502 $ 503 
503 Z 504 
504 $ 348 
505 $ 506 
506 $ 508 511 514 517 520 523 526 529 532 535 
507 $ 342 
508 $ 509 
509 0 510 
510 $ 507 
511 $ 512 
512 1 513 
513 $ 507 
514 $ 515 
515 2 516 
516 $ 507 
517 $ 518 
518 3 519 
519 $ 507 
520 $ 521 
521 4 522 
522 $ 507 
523 $ 524 
524 5 525 
525 $ 507 
526 $ 527 
527 6 528 
528 $ 507 
529 $ 530 
530 7 531 
531 $ 507 
532 $ 533 
533 8 534 
534 $ 507 
535 $ 536 
536 9 537 
537 $ 507 
538 $ 341 539 
539 $ 176 
540 $ 542 
541 
542 $ 544 547 550 553 556 559 562 565 568 571 
543 $ 606 
544 $ 545 
545 0 546 
546 $ 543 
547 $ 548 
548 1 549 
549 $ 543 
550 $ 551 
551 2 552 
552 $ 543 
553 $ 554 
554 3 555 
555 $ 543 
556 $ 557 
557 4 558 
558 $ 543 
559 $ 560 
560 5 561 
561 $ 543 
562 $ 563 
563 6 564 
564 $ 543 
565 $ 566 
566 7 567 
567 $ 543 
568 $ 569 
569 8 570 
570 $ 543 
571 $ 572 
572 9 573 
573 $ 543 
574 $ 576 579 582 585 588 591 594 597 600 603 
575 $ 607 574 
576 $ 577 
577 0 578 
578 $ 575 
579 $ 580 
580 1 581 
581 $ 575 
582 $ 583 
583 2 584 
584 $ 575 
585 $ 586 
586 3 587 
587 $ 575 
588 $ 589 
589 4 590 
590 $ 575 
591 $ 592 
592 5 593 
593 $ 575 
594 $ 595 
595 6 596 
596 $ 575 
597 $ 598 
598 7 599 
599 $ 575 
600 $ 601 
601 8 602 
602 $ 575 
603 $ 604 
604 9 605 
605 $ 575 
606 $ 574 607 
607 $ 541 
608 $ 610 
609 
610 0 611 
611 $ 612 
612 $ 614 617 
613 $ 620 
614 $ 615 
615 X 616 
616 $ 613 
617 $ 618 
618 x 619 
619 $ 613 
620 $ 622 655 658 661 664 667 670 673 676 679 682 685 688 
621 $ 762 
622 $ 623 
623 $ 625 628 631 634 637 640 643 646 649 652 
624 $ 621 
625 $ 626 
626 0 627 
627 $ 624 
628 $ 629 
629 1 630 
630 $ 624 
631 $ 632 
632 2 633 
633 $ 624 
634 $ 635 
635 3 636 
636 $ 624 
637 $ 638 
638 4 639 
639 $ 624 
640 $ 641 
641 5 642 
642 $ 624 
643 $ 644 
644 6 645 
645 $ 624 
646 $ 647 
647 7 648 
648 $ 624 
649 $ 650 
650 8 651 
651 $ 624 
652 $ 653 
653 9 654 
654 $ 624 
655 $ 656 
656 a 657 
657 $ 621 
658 $ 659 
659 b 660 
660 $ 621 
661 $ 662 
662 c 663 
663 $ 621 
664 $ 665 
665 d 666 
666 $ 621 
667 $ 668 
668 e 669 
669 $ 621 
670 $ 671 
671 f 672 
672 $ 621 
673 $ 674 
674 A 675 
675 $ 621 
676 $ 677 
677 B 678 
678 $ 621 
679 $ 680 
680 C 681 
681 $ 621 
682 $ 683 
683 D 684 
684 $ 621 
685 $ 686 
686 E 687 
687 $ 621 
688 $ 689 
689 F 690 
690 $ 621 
691 $ 693 726 729 732 735 738 741 744 747 750 753 756 759 
692 $ 763 691 
693 $ 694 
694 $ 696 699 702 705 708 711 714 717 720 723 
695 $ 692 
696 $ 697 
697 0 698 
698 $ 695 
699 $ 700 
700 1 701 
701 $ 695 
702 $ 703 
703 2 704 
704 $ 695 
705 $ 706 
706 3 707 
707 $ 695 
708 $ 709 
709 4 710 
710 $ 695 
711 $ 712 
712 5 713 
713 $ 695 
714 $ 715 
715 6 716 
716 $ 695 
717 $ 718 
718 7 719 
719 $ 695 
720 $ 721 
721 8 722 
722 $ 695 
723 $ 724 
724 9 725 
725 $ 695 
726 $ 727 
727 a 728 
728 $ 692 
729 $ 730 
730 b 731 
731 $ 692 
732 $ 733 
733 c 734 
734 $ 692 
735 $ 736 
736 d 737 
737 $ 692 
738 $ 739 
739 e 740 
740 $ 692 
741 $ 742 
742 f 743 
743 $ 692 
744 $ 745 
745 A 746 
746 $ 692 
747 $ 748 
748 B 749 
749 $ 692 
750 $ 751 
751 C 752 
752 $ 692 
753 $ 754 
754 D 755 
755 $ 692 
756 $ 757 
757 E 758 
758 $ 692 
759 $ 760 
760 F 761 
761 $ 692 
762 $ 691 763 
763 $ 609 
764 $ 766 
765 
766 $ 768 771 774 777 780 783 786 789 792 795 
767 $ 830 
768 $ 769 
769 0 770 
770 $ 767 
771 $ 772 
772 1 773 
773 $ 767 
774 $ 775 
775 2 776 
776 $ 767 
777 $ 778 
778 3 779 
779 $ 767 
780 $ 781 
781 4 782 
782 $ 767 
783 $ 784 
784 5 785 
785 $ 767 
786 $ 787 
787 6 788 
788 $ 767 
789 $ 790 
790 7 791 
791 $ 767 
792 $ 793 
793 8 794 
794 $ 767 
795 $ 796 
796 9 797 
797 $ 767 
798 $ 800 803 806 809 812 815 818 821 824 827 
799 $ 831 798 
800 $ 801 
801 0 802 
802 $ 799 
803 $ 804 
804 1 805 
805 $ 799 
806 $ 807 
807 2 808 
808 $ 799 
809 $ 810 
810 3 811 
811 $ 799 
812 $ 813 
813 4 814 
814 $ 799 
815 $ 816 
816 5 817 
817 $ 799 
818 $ 819 
819 6 820 
820 $ 799 
821 $ 822 
822 7 823 
823 $ 799 
824 $ 825 
825 8 826 
826 $ 799 
827 $ 828 
828 9 829 
829 $ 799 
830 $ 798 831 
831 $ 832 
832 . 833 
833 $ 866 
834 $ 836 839 842 845 848 851 854 857 860 863 
835 $ 867 834 
836 $ 837 
837 0 838 
838 $ 835 
839 $ 840 
840 1 841 
841 $ 835 
842 $ 843 
843 2 844 
844 $ 835 
845 $ 846 
846 3 847 
847 $ 835 
848 $ 849 
849 4 850 
850 $ 835 
851 $ 852 
852 5 853 
853 $ 835 
854 $ 855 
855 6 856 
856 $ 835 
857 $ 858 
858 7 859 
859 $ 835 
860 $ 861 
861 8 862 
862 $ 835 
863 $ 864 
864 9 865 
865 $ 835 
866 $ 834 867 
867 $ 868 
868 $ 870 873 
869 $ 765 
870 $ 871 
871 $ 872 
872 $ 869 
873 $ 874 
874 $ 876 
875 $ 869 
876 $ 878 881 
877 $ 884 
878 $ 879 
879 e 880 
880 $ 877 
881 $ 882 
882 E 883 
883 $ 877 
884 $ 886 889 892 
885 $ 895 
886 $ 887 
887 $ 888 
888 $ 885 
889 $ 890 
890 + 891 
891 $ 885 
892 $ 893 
893 - 894 
894 $ 885 
895 $ 897 900 903 906 909 912 915 918 921 924 
896 $ 959 
897 $ 898 
898 0 899 
899 $ 896 
900 $ 901 
901 1 902 
902 $ 896 
903 $ 904 
904 2 905 
905 $ 896 
906 $ 907 
907 3 908 
908 $ 896 
909 $ 910 
910 4 911 
911 $ 896 
912 $ 913 
913 5 914 
914 $ 896 
915 $ 916 
916 6 917 
917 $ 896 
918 $ 919 
919 7 920 
920 $ 896 
921 $ 922 
922 8 923 
923 $ 896 
924 $ 925 
925 9 926 
926 $ 896 
927 $ 929 932 935 938 941 944 947 950 953 956 
928 $ 960 927 
929 $ 930 
930 0 931 
931 $ 928 
932 $ 933 
933 1 934 
934 $ 928 
935 $ 936 
936 2 937 
937 $ 928 
938 $ 939 
939 3 940 
940 $ 928 
941 $ 942 
942 4 943 
943 $ 928 
944 $ 945 
945 5 946 
946 $ 928 
947 $ 948 
948 6 949 
949 $ 928 
950 $ 951 
951 7 952 
952 $ 928 
953 $ 954 
954 8 955 
955 $ 928 
956 $ 957 
957 9 958 
958 $ 928 
959 $ 927 960 
960 $ 875 
961 $ 995 
962 
963 $ 965 968 971 974 977 980 983 986 989 992 
964 $ 996 963 
965 $ 966 
966 0 967 
967 $ 964 
968 $ 969 
969 1 970 
970 $ 964 
971 $ 972 
972 2 973 
973 $ 964 
974 $ 975 
975 3 976 
976 $ 964 
977 $ 978 
978 4 979 
979 $ 964 
980 $ 981 
981 5 982 
982 $ 964 
983 $ 984 
984 6 985 
985 $ 964 
986 $ 987 
987 7 988 
988 $ 964 
989 $ 990 
990 8 991 
991 $ 964 
992 $ 993 
993 9 994 
994 $ 964 
995 $ 963 996 
996 $ 997 
997 . 998 
998 $ 999 
999 $ 1001 1004 1007 1010 1013 1016 1019 1022 1025 1028 
1000 $ 1063 
1001 $ 1002 
1002 0 1003 
1003 $ 1000 
1004 $ 1005 
1005 1 1006 
1006 $ 1000 
1007 $ 1008 
1008 2 1009 
1009 $ 1000 
1010 $ 1011 
1011 3 1012 
1012 $ 1000 
1013 $ 1014 
1014 4 1015 
1015 $ 1000 
1016 $ 1017 
1017 5 1018 
1018 $ 1000 
1019 $ 1020 
1020 6 1021 
1021 $ 1000 
1022 $ 1023 
1023 7 1024 
1024 $ 1000 
1025 $ 1026 
1026 8 1027 
1027 $ 1000 
1028 $ 1029 
1029 9 1030 
1030 $ 1000 
1031 $ 1033 1036 1039 1042 1045 1048 1051 1054 1057 1060 
1032 $ 1064 1031 
1033 $ 1034 
1034 0 1035 
1035 $ 1032 
1036 $ 1037 
1037 1 1038 
1038 $ 1032 
1039 $ 1040 
1040 2 1041 
1041 $ 1032 
1042 $ 1043 
1043 3 1044 
1044 $ 1032 
1045 $ 1046 
1046 4 1047 
1047 $ 1032 
1048 $ 1049 
1049 5 1050 
1050 $ 1032 
1051 $ 1052 
1052 6 1053 
1053 $ 1032 
1054 $ 1055 
1055 7 1056 
1056 $ 1032 
1057 $ 1058 
1058 8 1059 
1059 $ 1032 
1060 $ 1061 
1061 9 1062 
1062 $ 1032 
1063 $ 1031 1064 
1064 $ 1065 
1065 $ 1067 1070 
1066 $ 962 
1067 $ 1068 
1068 $ 1069 
1069 $ 1066 
1070 $ 1071 
1071 $ 1073 
1072 $ 1066 
1073 $ 1075 1078 
1074 $ 1081 
1075 $ 1076 
1076 e 1077 
1077 $ 1074 
1078 $ 1079 
1079 E 1080 
1080 $ 1074 
1081 $ 1083 1086 1089 
1082 $ 1092 
1083 $ 1084 
1084 $ 1085 
1085 $ 1082 
1086 $ 1087 
1087 + 1088 
1088 $ 1082 
1089 $ 1090 
1090 - 1091 
1091 $ 1082 
1092 $ 1094 1097 1100 1103 1106 1109 1112 1115 1118 1121 
1093 $ 1156 
1094 $ 1095 
1095 0 1096 
1096 $ 1093 
1097 $ 1098 
1098 1 1099 
1099 $ 1093 
1100 $ 1101 
1101 2 1102 
1102 $ 1093 
1103 $ 1104 
1104 3 1105 
1105 $ 1093 
1106 $ 1107 
1107 4 1108 
1108 $ 1093 
1109 $ 1110 
1110 5 1111 
1111 $ 1093 
1112 $ 1113 
1113 6 1114 
1114 $ 1093 
1115 $ 1116 
1116 7 1117 
1117 $ 1093 
1118 $ 1119 
1119 8 1120 
1120 $ 1093 
1121 $ 1122 
1122 9 1123 
1123 $ 1093 
1124 $ 1126 1129 1132 1135 1138 1141 1144 1147 1150 1153 
1125 $ 1157 1124 
1126 $ 1127 
1127 0 1128 
1128 $ 1125 
1129 $ 1130 
1130 1 1131 
1131 $ 1125 
1132 $ 1133 
1133 2 1134 
1134 $ 1125 
1135 $ 1136 
1136 3 1137 
1137 $ 1125 
1138 $ 1139 
1139 4 1140 
1140 $ 1125 
1141 $ 1142 
1142 5 1143 
1143 $ 1125 
1144 $ 1145 
1145 6 1146 
1146 $ 1125 
1147 $ 1148 
1148 7 1149 
1149 $ 1125 
1150 $ 1151 
1151 8 1152 
1152 $ 1125 
1153 $ 1154 
1154 9 1155 
1155 $ 1125 
1156 $ 1124 1157 
1157 $ 1072 
1158 $ 1160 
1159 
1160 ' 1161 
1161 $ 1162 
1162 $ 1164 
1163 $ 1538 
1164 \( 1165 
1165 $ 1166 
1166 | 1167 
1167 $ 1168 
1168 \) 1169 
1169 $ 1170 
1170 | 1171 
1171 $ 1172 
1172 \{ 1173 
1173 $ 1174 
1174 | 1175 
1175 $ 1176 
1176 \} 1177 
1177 $ 1178 
1178 | 1179 
1179 $ 1180 
1180 \| 1181 
1181 $ 1182 
1182 | 1183 
1183 $ 1184 
1184 \* 1185 
1185 $ 1186 
1186 | 1187 
1187 $ 1188 
1188 \\ 1189 
1189 $ 1190 
1190 | 1191 
1191 $ 1192 
1192 \$ 1193 
1193 $ 1194 
1194 | 1195 
1195 $ 1196 
1196 \_ 1197 
1197 $ 1198 
1198 | 1199 
1199 $ 1200 
1200 ! 1201 
1201 $ 1202 
1202 | 1203 
1203 $ 1204 
1204 " 1205 
1205 $ 1206 
1206 | 1207 
1207 $ 1208 
1208 # 1209 
1209 $ 1210 
1210 | 1211 
1211 $ 1212 
1212 % 1213 
1213 $ 1214 
1214 | 1215 
1215 $ 1216 
1216 & 1217 
1217 $ 1218 
1218 | 1219 
1219 $ 1220 
1220 + 1221 
1221 $ 1222 
1222 | 1223 
1223 $ 1224 
1224 , 1225 
1225 $ 1226 
1226 | 1227 
1227 $ 1228 
1228 - 1229 
1229 $ 1230 
1230 | 1231 
1231 $ 1232 
1232 . 1233 
1233 $ 1234 
1234 | 1235 
1235 $ 1236 
1236 / 1237 
1237 $ 1238 
1238 | 1239 
1239 $ 1240 
1240 0 1241 
1241 $ 1242 
1242 | 1243 
1243 $ 1244 
1244 1 1245 
1245 $ 1246 
1246 | 1247 
1247 $ 1248 
1248 2 1249 
1249 $ 1250 
1250 | 1251 
1251 $ 1252 
1252 3 1253 
1253 $ 1254 
1254 | 1255 
1255 $ 1256 
1256 4 1257 
1257 $ 1258 
1258 | 1259 
1259 $ 1260 
1260 5 1261 
1261 $ 1262 
1262 | 1263 
1263 $ 1264 
1264 6 1265 
1265 $ 1266 
1266 | 1267 
1267 $ 1268 
1268 7 1269 
1269 $ 1270 
1270 | 1271 
1271 $ 1272 
1272 8 1273 
1273 $ 1274 
1274 | 1275 
1275 $ 1276 
1276 9 1277 
1277 $ 1278 
1278 | 1279 
1279 $ 1280 
1280 : 1281 
1281 $ 1282 
1282 | 1283 
1283 $ 1284 
1284 ; 1285 
1285 $ 1286 
1286 | 1287 
1287 $ 1288 
1288 < 1289 
1289 $ 1290 
1290 | 1291 
1291 $ 1292 
1292 = 1293 
1293 $ 1294 
1294 | 1295 
1295 $ 1296 
1296 > 1297 
1297 $ 1298 
1298 | 1299 
1299 $ 1300 
1300 ? 1301 
1301 $ 1302 
1302 | 1303 
1303 $ 1304 
1304 @ 1305 
1305 $ 1306 
1306 | 1307 
1307 $ 1308 
1308 A 1309 
1309 $ 1310 
1310 | 1311 
1311 $ 1312 
1312 B 1313 
1313 $ 1314 
1314 | 1315 
1315 $ 1316 
1316 C 1317 
1317 $ 1318 
1318 | 1319 
1319 $ 1320 
1320 D 1321 
1321 $ 1322 
1322 | 1323 
1323 $ 1324 
1324 E 1325 
1325 $ 1326 
1326 | 1327 
1327 $ 1328 
1328 F 1329 
1329 $ 1330 
1330 | 1331 
1331 $ 1332 
1332 G 1333 
1333 $ 1334 
1334 | 1335 
1335 $ 1336 
1336 H 1337 
1337 $ 1338 
1338 | 1339 
1339 $ 1340 
1340 I 1341 
1341 $ 1342 
1342 | 1343 
1343 $ 1344 
1344 J 1345 
1345 $ 1346 
1346 | 1347 
1347 $ 1348 
1348 K 1349 
1349 $ 1350 
1350 | 1351 
1351 $ 1352 
1352 L 1353 
1353 $ 1354 
1354 | 1355 
1355 $ 1356 
1356 M 1357 
1357 $ 1358 
1358 | 1359 
1359 $ 1360 
1360 N 1361 
1361 $ 1362 
1362 | 1363 
1363 $ 1364 
1364 O 1365 
1365 $ 1366 
1366 | 1367 
1367 $ 1368 
1368 P 1369 
1369 $ 1370 
1370 | 1371 
1371 $ 1372 
1372 Q 1373 
1373 $ 1374 
1374 | 1375 
1375 $ 1376 
1376 R 1377 
1377 $ 1378 
1378 | 1379 
1379 $ 1380 
1380 S 1381 
1381 $ 1382 
1382 | 1383 
1383 $ 1384 
1384 T 1385 
1385 $ 1386 
1386 | 1387 
1387 $ 1388 
1388 U 1389 
1389 $ 1390 
1390 | 1391 
1391 $ 1392 
1392 V 1393 
1393 $ 1394 
1394 | 1395 
1395 $ 1396 
1396 W 1397 
1397 $ 1398 
1398 | 1399 
1399 $ 1400 
1400 X 1401 
1401 $ 1402 
1402 | 1403 
1403 $ 1404 
1404 Y 1405 
1405 $ 1406 
1406 | 1407 
1407 $ 1408 
1408 Z 1409 
1409 $ 1410 
1410 | 1411 
1411 $ 1412 
1412 [ 1413 
1413 $ 1414 
1414 | 1415 
1415 $ 1416 
1416 ] 1417 
1417 $ 1418 
1418 | 1419 
1419 $ 1420 
1420 ^ 1421 
1421 $ 1422 
1422 | 1423 
1423 $ 1424 
1424 _ 1425 
1425 $ 1426 
1426 | 1427 
1427 $ 1428 
1428 ` 1429 
1429 $ 1430 
1430 | 1431 
1431 $ 1432 
1432 a 1433 
1433 $ 1434 
1434 | 1435 
1435 $ 1436 
1436 b 1437 
1437 $ 1438 
1438 | 1439 
1439 $ 1440 
1440 c 1441 
1441 $ 1442 
1442 | 1443 
1443 $ 1444 
1444 d 1445 
1445 $ 1446 
1446 | 1447 
1447 $ 1448 
1448 e 1449 
1449 $ 1450 
1450 | 1451 
1451 $ 1452 
1452 f 1453 
1453 $ 1454 
1454 | 1455 
1455 $ 1456 
1456 g 1457 
1457 $ 1458 
1458 | 1459 
1459 $ 1460 
1460 h 1461 
1461 $ 1462 
1462 | 1463 
1463 $ 1464 
1464 i 1465 
1465 $ 1466 
1466 | 1467 
1467 $ 1468 
1468 j 1469 
1469 $ 1470 
1470 | 1471 
1471 $ 1472 
1472 k 1473 
1473 $ 1474 
1474 | 1475 
1475 $ 1476 
1476 l 1477 
1477 $ 1478 
1478 | 1479 
1479 $ 1480 
1480 m 1481 
1481 $ 1482 
1482 | 1483 
1483 $ 1484 
1484 n 1485 
1485 $ 1486 
1486 | 1487 
1487 $ 1488 
1488 o 1489 
1489 $ 1490 
1490 | 1491 
1491 $ 1492 
1492 p 1493 
1493 $ 1494 
1494 | 1495 
1495 $ 1496 
1496 q 1497 
1497 $ 1498 
1498 | 1499 
1499 $ 1500 
1500 r 1501 
1501 $ 1502 
1502 | 1503 
1503 $ 1504 
1504 s 1505 
1505 $ 1506 
1506 | 1507 
1507 $ 1508 
1508 t 1509 
1509 $ 1510 
1510 | 1511 
1511 $ 1512 
1512 u 1513 
1513 $ 1514 
1514 | 1515 
1515 $ 1516 
1516 v 1517 
1517 $ 1518 
1518 | 1519 
1519 $ 1520 
1520 w 1521 
1521 $ 1522 
1522 | 1523 
1523 $ 1524 
1524 x 1525 
1525 $ 1526 
1526 | 1527 
1527 $ 1528 
1528 y 1529 
1529 $ 1530 
1530 | 1531 
1531 $ 1532 
1532 z 1533 
1533 $ 1534 
1534 | 1535 
1535 $ 1536 
1536 ~ 1537 
1537 $ 1163 
1538 ' 1539 
1539 $ 1159 
1540 $ 1542 
1541 
1542 ' 1543 
1543 $ 1544 
1544 \\ 1545 
1545 $ 1546 
1546 $ 1548 
1547 $ 1926 
1548 \( 1549 
1549 $ 1550 
1550 | 1551 
1551 $ 1552 
1552 \) 1553 
1553 $ 1554 
1554 | 1555 
1555 $ 1556 
1556 \{ 1557 
1557 $ 1558 
1558 | 1559 
1559 $ 1560 
1560 \} 1561 
1561 $ 1562 
1562 | 1563 
1563 $ 1564 
1564 \| 1565 
1565 $ 1566 
1566 | 1567 
1567 $ 1568 
1568 \* 1569 
1569 $ 1570 
1570 | 1571 
1571 $ 1572 
1572 \\ 1573 
1573 $ 1574 
1574 | 1575 
1575 $ 1576 
1576 \$ 1577 
1577 $ 1578 
1578 | 1579 
1579 $ 1580 
1580 \_ 1581 
1581 $ 1582 
1582 | 1583 
1583 $ 1584 
1584 ! 1585 
1585 $ 1586 
1586 | 1587 
1587 $ 1588 
1588 " 1589 
1589 $ 1590 
1590 | 1591 
1591 $ 1592 
1592 # 1593 
1593 $ 1594 
1594 | 1595 
1595 $ 1596 
1596 % 1597 
1597 $ 1598 
1598 | 1599 
1599 $ 1600 
1600 & 1601 
1601 $ 1602 
1602 | 1603 
1603 $ 1604 
1604 ' 1605 
1605 $ 1606 
1606 | 1607 
1607 $ 1608 
1608 + 1609 
1609 $ 1610 
1610 | 1611 
1611 $ 1612 
1612 , 1613 
1613 $ 1614 
1614 | 1615 
1615 $ 1616 
1616 - 1617 
1617 $ 1618 
1618 | 1619 
1619 $ 1620 
1620 . 1621 
1621 $ 1622 
1622 | 1623 
1623 $ 1624 
1624 / 1625 
1625 $ 1626 
1626 | 1627 
1627 $ 1628 
1628 0 1629 
1629 $ 1630 
1630 | 1631 
1631 $ 1632 
1632 1 1633 
1633 $ 1634 
1634 | 1635 
1635 $ 1636 
1636 2 1637 
1637 $ 1638 
1638 | 1639 
1639 $ 1640 
1640 3 1641 
1641 $ 1642 
1642 | 1643 
1643 $ 1644 
1644 4 1645 
1645 $ 1646 
1646 | 1647 
1647 $ 1648 
1648 5 1649 
1649 $ 1650 
1650 | 1651 
1651 $ 1652 
1652 6 1653 
1653 $ 1654 
1654 | 1655 
1655 $ 1656 
1656 7 1657 
1657 $ 1658 
1658 | 1659 
1659 $ 1660 
1660 8 1661 
1661 $ 1662 
1662 | 1663 
1663 $ 1664 
1664 9 1665 
1665 $ 1666 
1666 | 1667 
1667 $ 1668 
1668 : 1669 
1669 $ 1670 
1670 | 1671 
1671 $ 1672 
1672 ; 1673 
1673 $ 1674 
1674 | 1675 
1675 $ 1676 
1676 < 1677 
1677 $ 1678 
1678 | 1679 
1679 $ 1680 
1680 = 1681 
1681 $ 1682 
1682 | 1683 
1683 $ 1684 
1684 > 1685 
1685 $ 1686 
1686 | 1687 
1687 $ 1688 
1688 ? 1689 
1689 $ 1690 
1690 | 1691 
1691 $ 1692 
1692 @ 1693 
1693 $ 1694 
1694 | 1695 
1695 $ 1696 
1696 A 1697 
1697 $ 1698 
1698 | 1699 
1699 $ 1700 
1700 B 1701 
1701 $ 1702 
1702 | 1703 
1703 $ 1704 
1704 C 1705 
1705 $ 1706 
1706 | 1707 
1707 $ 1708 
1708 D 1709 
1709 $ 1710 
1710 | 1711 
1711 $ 1712 
1712 E 1713 
1713 $ 1714 
1714 | 1715 
1715 $ 1716 
1716 F 1717 
1717 $ 1718 
1718 | 1719 
1719 $ 1720 
1720 G 1721 
1721 $ 1722 
1722 | 1723 
1723 $ 1724 
1724 H 1725 
1725 $ 1726 
1726 | 1727 
1727 $ 1728 
1728 I 1729 
1729 $ 1730 
1730 | 1731 
1731 $ 1732 
1732 J 1733 
1733 $ 1734 
1734 | 1735 
1735 $ 1736 
1736 K 1737 
1737 $ 1738 
1738 | 1739 
1739 $ 1740 
1740 L 1741 
1741 $ 1742 
1742 | 1743 
1743 $ 1744 
1744 M 1745 
1745 $ 1746 
1746 | 1747 
1747 $ 1748 
1748 N 1749 
1749 $ 1750 
1750 | 1751 
1751 $ 1752 
1752 O 1753 
1753 $ 1754 
1754 | 1755 
1755 $ 1756 
1756 P 1757 
1757 $ 1758 
1758 | 1759 
1759 $ 1760 
1760 Q 1761 
1761 $ 1762 
1762 | 1763 
1763 $ 1764 
1764 R 1765 
1765 $ 1766 
1766 | 1767 
1767 $ 1768 
1768 S 1769 
1769 $ 1770 
1770 | 1771 
1771 $ 1772 
1772 T 1773 
1773 $ 1774 
1774 | 1775 
1775 $ 1776 
1776 U 1777 
1777 $ 1778 
1778 | 1779 
1779 $ 1780 
1780 V 1781 
1781 $ 1782 
1782 | 1783 
1783 $ 1784 
1784 W 1785 
1785 $ 1786 
1786 | 1787 
1787 $ 1788 
1788 X 1789 
1789 $ 1790 
1790 | 1791 
1791 $ 1792 
1792 Y 1793 
1793 $ 1794 
1794 | 1795 
1795 $ 1796 
1796 Z 1797 
1797 $ 1798 
1798 | 1799 
1799 $ 1800 
1800 [ 1801 
1801 $ 1802 
1802 | 1803 
1803 $ 1804 
1804 ] 1805 
1805 $ 1806 
1806 | 1807 
1807 $ 1808 
1808 ^ 1809 
1809 $ 1810 
1810 | 1811 
1811 $ 1812 
1812 _ 1813 
1813 $ 1814 
1814 | 1815 
1815 $ 1816 
1816 ` 1817 
1817 $ 1818 
1818 | 1819 
1819 $ 1820 
1820 a 1821 
1821 $ 1822 
1822 | 1823 
1823 $ 1824 
1824 b 1825 
1825 $ 1826 
1826 | 1827 
1827 $ 1828 
1828 c 1829 
1829 $ 1830 
1830 | 1831 
1831 $ 1832 
1832 d 1833 
1833 $ 1834 
1834 | 1835 
1835 $ 1836 
1836 e 1837 
1837 $ 1838 
1838 | 1839 
1839 $ 1840 
1840 f 1841 
1841 $ 1842 
1842 | 1843 
1843 $ 1844 
1844 g 1845 
1845 $ 1846 
1846 | 1847 
1847 $ 1848 
1848 h 1849 
1849 $ 1850 
1850 | 1851 
1851 $ 1852 
1852 i 1853 
1853 $ 1854 
1854 | 1855 
1855 $ 1856 
1856 j 1857 
1857 $ 1858 
1858 | 1859 
1859 $ 1860 
1860 k 1861 
1861 $ 1862 
1862 | 1863 
1863 $ 1864 
1864 l 1865 
1865 $ 1866 
1866 | 1867 
1867 $ 1868 
1868 m 1869 
1869 $ 1870 
1870 | 1871 
1871 $ 1872 
1872 n 1873 
1873 $ 1874 
1874 | 1875 
1875 $ 1876 
1876 o 1877 
1877 $ 1878 
1878 | 1879 
1879 $ 1880 
1880 p 1881 
1881 $ 1882 
1882 | 1883 
1883 $ 1884 
1884 q 1885 
1885 $ 1886 
1886 | 1887 
1887 $ 1888 
1888 r 1889 
1889 $ 1890 
1890 | 1891 
1891 $ 1892 
1892 s 1893 
1893 $ 1894 
1894 | 1895 
1895 $ 1896 
1896 t 1897 
1897 $ 1898 
1898 | 1899 
1899 $ 1900 
1900 u 1901 
1901 $ 1902 
1902 | 1903 
1903 $ 1904 
1904 v 1905 
1905 $ 1906 
1906 | 1907 
1907 $ 1908 
1908 w 1909 
1909 $ 1910 
1910 | 1911 
1911 $ 1912 
1912 x 1913 
1913 $ 1914 
1914 | 1915 
1915 $ 1916 
1916 y 1917 
1917 $ 1918 
1918 | 1919 
1919 $ 1920 
1920 z 1921 
1921 $ 1922 
1922 | 1923 
1923 $ 1924 
1924 ~ 1925 
1925 $ 1547 
1926 ' 1927 
1927 $ 1541 
1928 $ 1930 
1929 
1930 + 1931 
1931 $ 1932 
1932 + 1933 
1933 $ 1929 
1934 $ 1936 
1935 
1936 - 1937 
1937 $ 1938 
1938 - 1939 
1939 $ 1935 
1940 $ 1942 
1941 
1942 + 1943 
1943 $ 1941 
1944 $ 1946 
1945 
1946 - 1947 
1947 $ 1945 
1948 $ 1950 
1949 
1950 \* 1951 
1951 $ 1949 
1952 $ 1954 
1953 
1954 / 1955 
1955 $ 1953 
1956 $ 1958 
1957 
1958 % 1959 
1959 $ 1957 
1960 $ 1962 
1961 
1962 = 1963 
1963 $ 1961 
1964 $ 1966 
1965 
1966 < 1967 
1967 $ 1965 
1968 $ 1970 
1969 
1970 < 1971 
1971 $ 1972 
1972 = 1973 
1973 $ 1969 
1974 $ 1976 
1975 
1976 > 1977 
1977 $ 1975 
1978 $ 1980 
1979 
1980 > 1981 
1981 $ 1982 
1982 = 1983 
1983 $ 1979 
1984 $ 1986 
1985 
1986 = 1987 
1987 $ 1988 
1988 = 1989 
1989 $ 1985 
1990 $ 1992 
1991 
1992 ! 1993 
1993 $ 1994 
1994 = 1995 
1995 $ 1991 
1996 $ 1998 
1997 
1998 ! 1999 
1999 $ 1997 
2000 $ 2002 
2001 
2002 ~ 2003 
2003 $ 2001 
2004 $ 2006 
2005 
2006 & 2007 
2007 $ 2008 
2008 & 2009 
2009 $ 2005 
2010 $ 2012 2013 
2011 
2012 $ 2011 
2013 $ 2014 2015 
2014 $ 2011 
2015 $ 2011 
2016 $ 2018 
2017 
2018 & 2019 
2019 $ 2017 
2020 $ 2022 2023 
2021 
2022 $ 2021 
2023 $ 2021 
2024 $ 2026 
2025 
2026 ^ 2027 
2027 $ 2025 
2028 $ 2030 
2029 
2030 , 2031 
2031 $ 2029 
2032 $ 2034 
2033 
2034 ; 2035 
2035 $ 2033 
2036 $ 2038 
2037 
2038 . 2039 
2039 $ 2037 
2040 $ 2042 
2041 
2042 \( 2043 
2043 $ 2041 
2044 $ 2046 
2045 
2046 \) 2047 
2047 $ 2045 
2048 $ 2050 
2049 
2050 \{ 2051 
2051 $ 2049 
2052 $ 2054 
2053 
2054 \} 2055 
2055 $ 2053 
2056 $ 2058 
2057 
2058 [ 2059 
2059 $ 2057 
2060 $ 2062 
2061 
2062 ] 2063 
2063 $ 2061 

2 - 
10 - NOVI_REDAK 
14 - UDJI_U_STANJE S_jednolinijskiKomentar 
20 - UDJI_U_STANJE S_komentar 
26 - UDJI_U_STANJE S_string VRATI_SE 0 
30 KR_BREAK 
42 KR_CHAR 
52 KR_CONST 
64 KR_CONTINUE 
82 KR_ELSE 
92 KR_FLOAT 
104 KR_FOR 
112 KR_IF 
118 KR_INT 
126 KR_RETURN 
140 KR_STRUCT 
154 KR_VOID 
164 KR_WHILE 
176 IDN 
541 BROJ 
609 BROJ 
765 BROJ 
962 BROJ 
1159 ZNAK 
1541 ZNAK 
1929 OP_INC 
1935 OP_DEC 
1941 PLUS 
1945 MINUS 
1949 ASTERISK 
1953 OP_DIJELI 
1957 OP_MOD 
1961 OP_PRIDRUZI 
1965 OP_LT 
1969 OP_LTE 
1975 OP_GT 
1979 OP_GTE 
1985 OP_EQ 
1991 OP_NEQ 
1997 OP_NEG 
2001 OP_TILDA 
2005 OP_I 
2011 OP_ILI 
2017 AMPERSAND 
2021 OP_BIN_ILI 
2025 OP_BIN_XILI 
2029 ZAREZ 
2033 TOCKAZAREZ 
2037 TOCKA 
2041 L_ZAGRADA 
2045 D_ZAGRADA 
2049 L_VIT_ZAGRADA 
2053 D_VIT_ZAGRADA 
2057 L_UGL_ZAGRADA 
2061 D_UGL_ZAGRADA 

S_komentar
0 $ 1 7 11 
1 $ 3 
2 
3 \* 4 
4 $ 5 
5 / 6 
6 $ 2 
7 $ 9 
8 
9 \n 10 
10 $ 8 
11 $ 13 
12 
13 $ 15 
14 $ 12 
15 \( 16 
16 $ 17 
17 | 18 
18 $ 19 
19 \) 20 
20 $ 21 
21 | 22 
22 $ 23 
23 \{ 24 
24 $ 25 
25 | 26 
26 $ 27 
27 \} 28 
28 $ 29 
29 | 30 
30 $ 31 
31 \| 32 
32 $ 33 
33 | 34 
34 $ 35 
35 \* 36 
36 $ 37 
37 | 38 
38 $ 39 
39 \\ 40 
40 $ 41 
41 | 42 
42 $ 43 
43 \$ 44 
44 $ 45 
45 | 46 
46 $ 47 
47 \t 48 
48 $ 49 
49 | 50 
50 $ 51 
51 \n 52 
52 $ 53 
53 | 54 
54 $ 55 
55 \_ 56 
56 $ 57 
57 | 58 
58 $ 59 
59 ! 60 
60 $ 61 
61 | 62 
62 $ 63 
63 " 64 
64 $ 65 
65 | 66 
66 $ 67 
67 # 68 
68 $ 69 
69 | 70 
70 $ 71 
71 % 72 
72 $ 73 
73 | 74 
74 $ 75 
75 & 76 
76 $ 77 
77 | 78 
78 $ 79 
79 ' 80 
80 $ 81 
81 | 82 
82 $ 83 
83 + 84 
84 $ 85 
85 | 86 
86 $ 87 
87 , 88 
88 $ 89 
89 | 90 
90 $ 91 
91 - 92 
92 $ 93 
93 | 94 
94 $ 95 
95 . 96 
96 $ 97 
97 | 98 
98 $ 99 
99 / 100 
100 $ 101 
101 | 102 
102 $ 103 
103 0 104 
104 $ 105 
105 | 106 
106 $ 107 
107 1 108 
108 $ 109 
109 | 110 
110 $ 111 
111 2 112 
112 $ 113 
113 | 114 
114 $ 115 
115 3 116 
116 $ 117 
117 | 118 
118 $ 119 
119 4 120 
120 $ 121 
121 | 122 
122 $ 123 
123 5 124 
124 $ 125 
125 | 126 
126 $ 127 
127 6 128 
128 $ 129 
129 | 130 
130 $ 131 
131 7 132 
132 $ 133 
133 | 134 
134 $ 135 
135 8 136 
136 $ 137 
137 | 138 
138 $ 139 
139 9 140 
140 $ 141 
141 | 142 
142 $ 143 
143 : 144 
144 $ 145 
145 | 146 
146 $ 147 
147 ; 148 
148 $ 149 
149 | 150 
150 $ 151 
151 < 152 
152 $ 153 
153 | 154 
154 $ 155 
155 = 156 
156 $ 157 
157 | 158 
158 $ 159 
159 > 160 
160 $ 161 
161 | 162 
162 $ 163 
163 ? 164 
164 $ 165 
165 | 166 
166 $ 167 
167 @ 168 
168 $ 169 
169 | 170 
170 $ 171 
171 A 172 
172 $ 173 
173 | 174 
174 $ 175 
175 B 176 
176 $ 177 
177 | 178 
178 $ 179 
179 C 180 
180 $ 181 
181 | 182 
182 $ 183 
183 D 184 
184 $ 185 
185 | 186 
186 $ 187 
187 E 188 
188 $ 189 
189 | 190 
190 $ 191 
191 F 192 
192 $ 193 
193 | 194 
194 $ 195 
195 G 196 
196 $ 197 
197 | 198 
198 $ 199 
199 H 200 
200 $ 201 
201 | 202 
202 $ 203 
203 I 204 
204 $ 205 
205 | 206 
206 $ 207 
207 J 208 
208 $ 209 
209 | 210 
210 $ 211 
211 K 212 
212 $ 213 
213 | 214 
214 $ 215 
215 L 216 
216 $ 217 
217 | 218 
218 $ 219 
219 M 220 
220 $ 221 
221 | 222 
222 $ 223 
223 N 224 
224 $ 225 
225 | 226 
226 $ 227 
227 O 228 
228 $ 229 
229 | 230 
230 $ 231 
231 P 232 
232 $ 233 
233 | 234 
234 $ 235 
235 Q 236 
236 $ 237 
237 | 238 
238 $ 239 
239 R 240 
240 $ 241 
241 | 242 
242 $ 243 
243 S 244 
244 $ 245 
245 | 246 
246 $ 247 
247 T 248 
248 $ 249 
249 | 250 
250 $ 251 
251 U 252 
252 $ 253 
253 | 254 
254 $ 255 
255 V 256 
256 $ 257 
257 | 258 
258 $ 259 
259 W 260 
260 $ 261 
261 | 262 
262 $ 263 
263 X 264 
264 $ 265 
265 | 266 
266 $ 267 
267 Y 268 
268 $ 269 
269 | 270 
270 $ 271 
271 Z 272 
272 $ 273 
273 | 274 
274 $ 275 
275 [ 276 
276 $ 277 
277 | 278 
278 $ 279 
279 ] 280 
280 $ 281 
281 | 282 
282 $ 283 
283 ^ 284 
284 $ 285 
285 | 286 
286 $ 287 
287 _ 288 
288 $ 289 
289 | 290 
290 $ 291 
291 ` 292 
292 $ 293 
293 | 294 
294 $ 295 
295 a 296 
296 $ 297 
297 | 298 
298 $ 299 
299 b 300 
300 $ 301 
301 | 302 
302 $ 303 
303 c 304 
304 $ 305 
305 | 306 
306 $ 307 
307 d 308 
308 $ 309 
309 | 310 
310 $ 311 
311 e 312 
312 $ 313 
313 | 314 
314 $ 315 
315 f 316 
316 $ 317 
317 | 318 
318 $ 319 
319 g 320 
320 $ 321 
321 | 322 
322 $ 323 
323 h 324 
324 $ 325 
325 | 326 
326 $ 327 
327 i 328 
328 $ 329 
329 | 330 
330 $ 331 
331 j 332 
332 $ 333 
333 | 334 
334 $ 335 
335 k 336 
336 $ 337 
337 | 338 
338 $ 339 
339 l 340 
340 $ 341 
341 | 342 
342 $ 343 
343 m 344 
344 $ 345 
345 | 346 
346 $ 347 
347 n 348 
348 $ 349 
349 | 350 
350 $ 351 
351 o 352 
352 $ 353 
353 | 354 
354 $ 355 
355 p 356 
356 $ 357 
357 | 358 
358 $ 359 
359 q 360 
360 $ 361 
361 | 362 
362 $ 363 
363 r 364 
364 $ 365 
365 | 366 
366 $ 367 
367 s 368 
368 $ 369 
369 | 370 
370 $ 371 
371 t 372 
372 $ 373 
373 | 374 
374 $ 375 
375 u 376 
376 $ 377 
377 | 378 
378 $ 379 
379 v 380 
380 $ 381 
381 | 382 
382 $ 383 
383 w 384 
384 $ 385 
385 | 386 
386 $ 387 
387 x 388 
388 $ 389 
389 | 390 
390 $ 391 
391 y 392 
392 $ 393 
393 | 394 
394 $ 395 
395 z 396 
396 $ 397 
397 | 398 
398 $ 399 
399 ~ 400 
400 $ 14 

2 - UDJI_U_STANJE S_pocetno 
8 - NOVI_REDAK 
12 - 

S_jednolinijskiKomentar
0 $ 1 5 
1 $ 3 
2 
3 \n 4 
4 $ 2 
5 $ 7 
6 
7 $ 9 
8 $ 6 
9 \( 10 
10 $ 11 
11 | 12 
12 $ 13 
13 \) 14 
14 $ 15 
15 | 16 
16 $ 17 
17 \{ 18 
18 $ 19 
19 | 20 
20 $ 21 
21 \} 22 
22 $ 23 
23 | 24 
24 $ 25 
25 \| 26 
26 $ 27 
27 | 28 
28 $ 29 
29 \* 30 
30 $ 31 
31 | 32 
32 $ 33 
33 \\ 34 
34 $ 35 
35 | 36 
36 $ 37 
37 \$ 38 
38 $ 39 
39 | 40 
40 $ 41 
41 \t 42 
42 $ 43 
43 | 44 
44 $ 45 
45 \n 46 
46 $ 47 
47 | 48 
48 $ 49 
49 \_ 50 
50 $ 51 
51 | 52 
52 $ 53 
53 ! 54 
54 $ 55 
55 | 56 
56 $ 57 
57 " 58 
58 $ 59 
59 | 60 
60 $ 61 
61 # 62 
62 $ 63 
63 | 64 
64 $ 65 
65 % 66 
66 $ 67 
67 | 68 
68 $ 69 
69 & 70 
70 $ 71 
71 | 72 
72 $ 73 
73 ' 74 
74 $ 75 
75 | 76 
76 $ 77 
77 + 78 
78 $ 79 
79 | 80 
80 $ 81 
81 , 82 
82 $ 83 
83 | 84 
84 $ 85 
85 - 86 
86 $ 87 
87 | 88 
88 $ 89 
89 . 90 
90 $ 91 
91 | 92 
92 $ 93 
93 / 94 
94 $ 95 
95 | 96 
96 $ 97 
97 0 98 
98 $ 99 
99 | 100 
100 $ 101 
101 1 102 
102 $ 103 
103 | 104 
104 $ 105 
105 2 106 
106 $ 107 
107 | 108 
108 $ 109 
109 3 110 
110 $ 111 
111 | 112 
112 $ 113 
113 4 114 
114 $ 115 
115 | 116 
116 $ 117 
117 5 118 
118 $ 119 
119 | 120 
120 $ 121 
121 6 122 
122 $ 123 
123 | 124 
124 $ 125 
125 7 126 
126 $ 127 
127 | 128 
128 $ 129 
129 8 130 
130 $ 131 
131 | 132 
132 $ 133 
133 9 134 
134 $ 135 
135 | 136 
136 $ 137 
137 : 138 
138 $ 139 
139 | 140 
140 $ 141 
141 ; 142 
142 $ 143 
143 | 144 
144 $ 145 
145 < 146 
146 $ 147 
147 | 148 
148 $ 149 
149 = 150 
150 $ 151 
151 | 152 
152 $ 153 
153 > 154 
154 $ 155 
155 | 156 
156 $ 157 
157 ? 158 
158 $ 159 
159 | 160 
160 $ 161 
161 @ 162 
162 $ 163 
163 | 164 
164 $ 165 
165 A 166 
166 $ 167 
167 | 168 
168 $ 169 
169 B 170 
170 $ 171 
171 | 172 
172 $ 173 
173 C 174 
174 $ 175 
175 | 176 
176 $ 177 
177 D 178 
178 $ 179 
179 | 180 
180 $ 181 
181 E 182 
182 $ 183 
183 | 184 
184 $ 185 
185 F 186 
186 $ 187 
187 | 188 
188 $ 189 
189 G 190 
190 $ 191 
191 | 192 
192 $ 193 
193 H 194 
194 $ 195 
195 | 196 
196 $ 197 
197 I 198 
198 $ 199 
199 | 200 
200 $ 201 
201 J 202 
202 $ 203 
203 | 204 
204 $ 205 
205 K 206 
206 $ 207 
207 | 208 
208 $ 209 
209 L 210 
210 $ 211 
211 | 212 
212 $ 213 
213 M 214 
214 $ 215 
215 | 216 
216 $ 217 
217 N 218 
218 $ 219 
219 | 220 
220 $ 221 
221 O 222 
222 $ 223 
223 | 224 
224 $ 225 
225 P 226 
226 $ 227 
227 | 228 
228 $ 229 
229 Q 230 
230 $ 231 
231 | 232 
232 $ 233 
233 R 234 
234 $ 235 
235 | 236 
236 $ 237 
237 S 238 
238 $ 239 
239 | 240 
240 $ 241 
241 T 242 
242 $ 243 
243 | 244 
244 $ 245 
245 U 246 
246 $ 247 
247 | 248 
248 $ 249 
249 V 250 
250 $ 251 
251 | 252 
252 $ 253 
253 W 254 
254 $ 255 
255 | 256 
256 $ 257 
257 X 258 
258 $ 259 
259 | 260 
260 $ 261 
261 Y 262 
262 $ 263 
263 | 264 
264 $ 265 
265 Z 266 
266 $ 267 
267 | 268 
268 $ 269 
269 [ 270 
270 $ 271 
271 | 272 
272 $ 273 
273 ] 274 
274 $ 275 
275 | 276 
276 $ 277 
277 ^ 278 
278 $ 279 
279 | 280 
280 $ 281 
281 _ 282 
282 $ 283 
283 | 284 
284 $ 285 
285 ` 286 
286 $ 287 
287 | 288 
288 $ 289 
289 a 290 
290 $ 291 
291 | 292 
292 $ 293 
293 b 294 
294 $ 295 
295 | 296 
296 $ 297 
297 c 298 
298 $ 299 
299 | 300 
300 $ 301 
301 d 302 
302 $ 303 
303 | 304 
304 $ 305 
305 e 306 
306 $ 307 
307 | 308 
308 $ 309 
309 f 310 
310 $ 311 
311 | 312 
312 $ 313 
313 g 314 
314 $ 315 
315 | 316 
316 $ 317 
317 h 318 
318 $ 319 
319 | 320 
320 $ 321 
321 i 322 
322 $ 323 
323 | 324 
324 $ 325 
325 j 326 
326 $ 327 
327 | 328 
328 $ 329 
329 k 330 
330 $ 331 
331 | 332 
332 $ 333 
333 l 334 
334 $ 335 
335 | 336 
336 $ 337 
337 m 338 
338 $ 339 
339 | 340 
340 $ 341 
341 n 342 
342 $ 343 
343 | 344 
344 $ 345 
345 o 346 
346 $ 347 
347 | 348 
348 $ 349 
349 p 350 
350 $ 351 
351 | 352 
352 $ 353 
353 q 354 
354 $ 355 
355 | 356 
356 $ 357 
357 r 358 
358 $ 359 
359 | 360 
360 $ 361 
361 s 362 
362 $ 363 
363 | 364 
364 $ 365 
365 t 366 
366 $ 367 
367 | 368 
368 $ 369 
369 u 370 
370 $ 371 
371 | 372 
372 $ 373 
373 v 374 
374 $ 375 
375 | 376 
376 $ 377 
377 w 378 
378 $ 379 
379 | 380 
380 $ 381 
381 x 382 
382 $ 383 
383 | 384 
384 $ 385 
385 y 386 
386 $ 387 
387 | 388 
388 $ 389 
389 z 390 
390 $ 391 
391 | 392 
392 $ 393 
393 ~ 394 
394 $ 8 

2 - NOVI_REDAK UDJI_U_STANJE S_pocetno 
6 - 

S_string
0 $ 1 
1 $ 3 
2 
3 " 4 
4 $ 393 
5 $ 7 388 
6 $ 394 5 
7 $ 8 
8 $ 10 
9 $ 6 
10 \( 11 
11 $ 12 
12 | 13 
13 $ 14 
14 \) 15 
15 $ 16 
16 | 17 
17 $ 18 
18 \{ 19 
19 $ 20 
20 | 21 
21 $ 22 
22 \} 23 
23 $ 24 
24 | 25 
25 $ 26 
26 \| 27 
27 $ 28 
28 | 29 
29 $ 30 
30 \* 31 
31 $ 32 
32 | 33 
33 $ 34 
34 \\ 35 
35 $ 36 
36 | 37 
37 $ 38 
38 \$ 39 
39 $ 40 
40 | 41 
41 $ 42 
42 \t 43 
43 $ 44 
44 | 45 
45 $ 46 
46 \_ 47 
47 $ 48 
48 | 49 
49 $ 50 
50 ! 51 
51 $ 52 
52 | 53 
53 $ 54 
54 # 55 
55 $ 56 
56 | 57 
57 $ 58 
58 % 59 
59 $ 60 
60 | 61 
61 $ 62 
62 & 63 
63 $ 64 
64 | 65 
65 $ 66 
66 ' 67 
67 $ 68 
68 | 69 
69 $ 70 
70 + 71 
71 $ 72 
72 | 73 
73 $ 74 
74 , 75 
75 $ 76 
76 | 77 
77 $ 78 
78 - 79 
79 $ 80 
80 | 81 
81 $ 82 
82 . 83 
83 $ 84 
84 | 85 
85 $ 86 
86 / 87 
87 $ 88 
88 | 89 
89 $ 90 
90 0 91 
91 $ 92 
92 | 93 
93 $ 94 
94 1 95 
95 $ 96 
96 | 97 
97 $ 98 
98 2 99 
99 $ 100 
100 | 101 
101 $ 102 
102 3 103 
103 $ 104 
104 | 105 
105 $ 106 
106 4 107 
107 $ 108 
108 | 109 
109 $ 110 
110 5 111 
111 $ 112 
112 | 113 
113 $ 114 
114 6 115 
115 $ 116 
116 | 117 
117 $ 118 
118 7 119 
119 $ 120 
120 | 121 
121 $ 122 
122 8 123 
123 $ 124 
124 | 125 
125 $ 126 
126 9 127 
127 $ 128 
128 | 129 
129 $ 130 
130 : 131 
131 $ 132 
132 | 133 
133 $ 134 
134 ; 135 
135 $ 136 
136 | 137 
137 $ 138 
138 < 139 
139 $ 140 
140 | 141 
141 $ 142 
142 = 143 
143 $ 144 
144 | 145 
145 $ 146 
146 > 147 
147 $ 148 
148 | 149 
149 $ 150 
150 ? 151 
151 $ 152 
152 | 153 
153 $ 154 
154 @ 155 
155 $ 156 
156 | 157 
157 $ 158 
158 A 159 
159 $ 160 
160 | 161 
161 $ 162 
162 B 163 
163 $ 164 
164 | 165 
165 $ 166 
166 C 167 
167 $ 168 
168 | 169 
169 $ 170 
170 D 171 
171 $ 172 
172 | 173 
173 $ 174 
174 E 175 
175 $ 176 
176 | 177 
177 $ 178 
178 F 179 
179 $ 180 
180 | 181 
181 $ 182 
182 G 183 
183 $ 184 
184 | 185 
185 $ 186 
186 H 187 
187 $ 188 
188 | 189 
189 $ 190 
190 I 191 
191 $ 192 
192 | 193 
193 $ 194 
194 J 195 
195 $ 196 
196 | 197 
197 $ 198 
198 K 199 
199 $ 200 
200 | 201 
201 $ 202 
202 L 203 
203 $ 204 
204 | 205 
205 $ 206 
206 M 207 
207 $ 208 
208 | 209 
209 $ 210 
210 N 211 
211 $ 212 
212 | 213 
213 $ 214 
214 O 215 
215 $ 216 
216 | 217 
217 $ 218 
218 P 219 
219 $ 220 
220 | 221 
221 $ 222 
222 Q 223 
223 $ 224 
224 | 225 
225 $ 226 
226 R 227 
227 $ 228 
228 | 229 
229 $ 230 
230 S 231 
231 $ 232 
232 | 233 
233 $ 234 
234 T 235 
235 $ 236 
236 | 237 
237 $ 238 
238 U 239 
239 $ 240 
240 | 241 
241 $ 242 
242 V 243 
243 $ 244 
244 | 245 
245 $ 246 
246 W 247 
247 $ 248 
248 | 249 
249 $ 250 
250 X 251 
251 $ 252 
252 | 253 
253 $ 254 
254 Y 255 
255 $ 256 
256 | 257 
257 $ 258 
258 Z 259 
259 $ 260 
260 | 261 
261 $ 262 
262 [ 263 
263 $ 264 
264 | 265 
265 $ 266 
266 ] 267 
267 $ 268 
268 | 269 
269 $ 270 
270 ^ 271 
271 $ 272 
272 | 273 
273 $ 274 
274 _ 275 
275 $ 276 
276 | 277 
277 $ 278 
278 ` 279 
279 $ 280 
280 | 281 
281 $ 282 
282 a 283 
283 $ 284 
284 | 285 
285 $ 286 
286 b 287 
287 $ 288 
288 | 289 
289 $ 290 
290 c 291 
291 $ 292 
292 | 293 
293 $ 294 
294 d 295 
295 $ 296 
296 | 297 
297 $ 298 
298 e 299 
299 $ 300 
300 | 301 
301 $ 302 
302 f 303 
303 $ 304 
304 | 305 
305 $ 306 
306 g 307 
307 $ 308 
308 | 309 
309 $ 310 
310 h 311 
311 $ 312 
312 | 313 
313 $ 314 
314 i 315 
315 $ 316 
316 | 317 
317 $ 318 
318 j 319 
319 $ 320 
320 | 321 
321 $ 322 
322 k 323 
323 $ 324 
324 | 325 
325 $ 326 
326 l 327 
327 $ 328 
328 | 329 
329 $ 330 
330 m 331 
331 $ 332 
332 | 333 
333 $ 334 
334 n 335 
335 $ 336 
336 | 337 
337 $ 338 
338 o 339 
339 $ 340 
340 | 341 
341 $ 342 
342 p 343 
343 $ 344 
344 | 345 
345 $ 346 
346 q 347 
347 $ 348 
348 | 349 
349 $ 350 
350 r 351 
351 $ 352 
352 | 353 
353 $ 354 
354 s 355 
355 $ 356 
356 | 357 
357 $ 358 
358 t 359 
359 $ 360 
360 | 361 
361 $ 362 
362 u 363 
363 $ 364 
364 | 365 
365 $ 366 
366 v 367 
367 $ 368 
368 | 369 
369 $ 370 
370 w 371 
371 $ 372 
372 | 373 
373 $ 374 
374 x 375 
375 $ 376 
376 | 377 
377 $ 378 
378 y 379 
379 $ 380 
380 | 381 
381 $ 382 
382 z 383 
383 $ 384 
384 | 385 
385 $ 386 
386 ~ 387 
387 $ 9 
388 $ 389 
389 \\ 390 
390 $ 391 
391 " 392 
392 $ 6 
393 $ 5 394 
394 $ 395 
395 " 396 
396 $ 2 

2 NIZ_ZNAKOVA UDJI_U_STANJE S_pocetno 
